1000000
26679
17377
13171
10640
8929
7793
6867
6124
5535
5052
4668
4330
4039
3790
3566
3361
3185
3017
2871
2743
2619
2501
2400
2303
2210
2131
2055
1984
1919
1860
1804
1752
1701
1652
1607
1565
1525
1488
1451
1416
1381
1347
1317
1284
1255
1224
1196
1169
1143
1119
1095
1071
1049
1028
1007
987
969
952
936
920
905
890
876
862
849
836
823
811
799
788
776
765
754
744
734
725
716
707
698
689
680
672
663
655
647
640
632
625
618
611
604
597
591
584
578
572
566
560
554
548
543
537
532
527
522
517
512
507
502
497
492
488
484
480
476
472
468
464
460
456
452
448
444
440
436
432
428
424
421
418
415
412
409
406
403
400
397
394
391
388
385
382
379
376
374
372
369
367
365
363
361
359
357
355
353
351
349
347
345
343
341
339
337
335
333
331
329
327
325
323
321
319
317
315
313
311
309
307
305
303
301
299
297
295
293
292
291
290
289
287
286
285
284
283
282
281
280
279
278
277
276
275
274
273
272
271
270
269
268
267
266
265
264
263
262
261
260
259
258
257
256
255
254
253
252
251
250
249
248
247
246
245
244
243
242
241
240
239
238
237
236
235
234
233
232
231
230
229
228
227
226
225
224
223
222
221
220
219
218
217
216
215
214
213
212
211
210
209
208
207
206
205
204
203
202
201
200

