1000000
26613
17359
13163
10628
8926
7789
6863
6123
5534
5049
4667
4330
4039
3788
3563
3359
3182
3013
2867
2739
2617
2500
2398
2301
2206
2127
2052
1980
1916
1857
1802
1751
1701
1651
1605
1563
1524
1486
1450
1415
1380
1346
1316
1283
1254
1224
1195
1168
1143
1119
1095
1071
1049
1028
1007
986
968
951
935
919
904
888
874
860
847
834
821
809
797
786
774
763
753
743
733
724
715
706
697
688
679
670
661
653
645
638
630
623
616
609
602
595
589
582
576
570
564
558
552
546
540
535
530
525
520
515
509
504
499
494
490
486
482
477
473
469
465
461
457
453
449
445
441
437
433
429
425
422
419
416
413
410
407
404
401
398
395
392
389
386
383
380
377
374
372
369
367
364
362
360
358
356
354
352
350
348
346
344
342
340
338
336
334
332
330
328
326
324
322
320
318
316
314
312
310
308
306
304
302
301
299
297
295
293
292
291
290
289
288
287
286
285
284
283
282
281
280
279
278
277
276
275
274
273
272
271
270
269
268
267
266
265
264
263
262
261
260
259
258
257
256
255
254
253
252
251
250
249
248
247
246
245
244
243
242
241
240
239
238
237
236
235
234
233
232
231
230
229
228
227
226
225
224
223
222
221
220
219
218
217
216
215
214
213
212
211
210
209
208
207
206
205
204
203
202
201
200
